N <- 250
N_age <- 5
age <- 
c(4, 3, 1, 3, 1, 3, 1, 3, 3, 3, 2, 1, 1, 1, 3, 3, 4, 5, 3, 3, 3, 1, 1, 1, 1, 1, 1, 5, 1, 1, 3, 1, 4, 2, 3, 1, 1, 2, 5, 1, 3, 3, 2, 5, 1, 2,
5, 4, 2, 1, 1, 1, 1, 5, 5, 1, 1, 2, 1, 3, 2, 1, 4, 3, 1, 1, 4, 1, 1, 1, 1, 1, 3, 1, 1, 1, 5, 1, 1, 1, 1, 1, 5, 2, 1, 1, 1, 1, 2, 1, 2, 3, 5, 3, 1,
5, 1, 4, 3, 1, 3, 4, 3, 1, 1, 3, 1, 3, 1, 2, 3, 1, 1, 5, 1, 1, 1, 5, 3, 4, 1, 3, 1, 3, 3, 1, 1, 1, 1, 5, 1, 3, 3, 1, 1, 5, 4, 1, 1, 3, 1, 3, 4, 1,
1, 2, 2, 2, 1, 3, 1, 3, 1, 5, 1, 2, 2, 2, 1, 2, 3, 5, 2, 2, 4, 4, 1, 2, 4, 5, 4, 1, 3, 3, 1, 3, 1, 1, 2, 1, 1, 3, 5, 1, 1, 1, 1, 1, 1, 1, 1, 3, 1,
3, 3, 3, 1, 1, 1, 5, 2, 1, 1, 1, 3, 2, 3, 5, 1, 2, 1, 4, 1, 1, 1, 1, 2, 1, 1, 4, 3, 1, 3, 5, 3, 3, 3, 2, 3, 4, 1, 1, 5, 2, 1, 5, 1, 4, 4, 4, 3, 1,
4, 1, 4, 1, 3, 1, 3, 3)
N_income <- 4
income <- 
c(1, 2, 2, 1, 3, 1, 2, 2, 1, 3, 1, 3, 3, 2, 2, 1, 1, 2, 3, 3, 4, 1, 3, 1, 3, 3, 4, 2, 2, 2, 3, 4, 4, 1, 2, 3, 2, 3, 1, 3, 3, 2, 2, 3, 3,
1, 3, 1, 1, 4, 2, 4, 4, 1, 3, 2, 3, 2, 2, 1, 2, 1, 1, 2, 3, 1, 2, 3, 4, 4, 1, 2, 2, 3, 1, 1, 1, 2, 2, 1, 3, 3, 1, 1, 4, 4, 3, 2, 3, 3, 1, 3, 4, 1,
1, 4, 3, 1, 3, 2, 2, 2, 2, 1, 1, 1, 1, 3, 2, 1, 2, 4, 3, 1, 2, 1, 3, 2, 3, 3, 3, 2, 3, 2, 1, 2, 3, 3, 4, 4, 4, 1, 4, 2, 3, 1, 2, 1, 4, 1, 2, 1, 1,
3, 3, 1, 1, 2, 1, 4, 3, 3, 3, 2, 3, 2, 4, 1, 2, 4, 3, 2, 2, 2, 2, 2, 1, 2, 1, 3, 1, 2, 2, 3, 3, 3, 2, 3, 1, 2, 1, 2, 3, 3, 1, 1, 1, 2, 2, 1, 1, 2,
3, 3, 2, 2, 2, 1, 1, 1, 4, 1, 2, 2, 3, 2, 2, 3, 1, 2, 2, 1, 2, 3, 3, 2, 1, 1, 1, 1, 2, 1, 1, 4, 2, 3, 1, 3, 4, 3, 2, 1, 1, 2, 1, 2, 1, 2, 1, 2, 3,
1, 2, 3, 1, 1, 4, 3, 2, 3)
x <- 
c(0.687489334085995, -0.534308418608515, -0.00430508347704872, 0.812313576163243, 0.809702769682947, -0.963342181801529, 0.365282945062189,
-0.982767326067197, -0.0466491859461321, 0.217431780276416, 0.785661676696923, -0.677828407982943, -0.782169499093004, -0.451853967671954,
0.196808975620927, 0.547396715300212, 0.0184978607999235, 0.268976700088007, -0.256196532413783, 0.340609202763248, 0.498335712988335,
0.395597758712902, 0.845986841597999, 0.586863026241874, -0.620888009386309, -0.0860484770499957, -0.356097425624905, -0.848181973650888,
-0.77924204385598, -0.0223868609989388, 0.885787324131331, 0.449511599102056, -0.956364933516544, 0.505076469591156, 0.0268939809468027,
0.429383284843975, 0.364423081902966, 0.0394114616277561, -0.132911983612194, -0.393529080712935, 0.341904959363782, -0.16721894423516,
0.0472987667041336, 0.208371505103982, 0.853154172828076, -0.244217431639647, -0.171422434385088, 0.24890850456717, 0.381750297188072,
-0.431576477883187, -0.242410364955334, -0.762526958052683, 0.218272839100782, -0.81009373612146, -0.125320350182033, 0.252964260873816,
-0.606921818198299, 0.340815446949624, -0.203687064124778, 0.734337144136892, 0.603875053084108, -0.355063877317819, -0.0188496744358316,
0.935382673723115, -0.324416981963376, -0.71122847551743, -0.620489853137232, 0.558521051906427, -0.0475171553373688, -0.319148325103687,
0.511587402781712, -0.612760365334056, 0.306416077703136, 0.728630821528961, 0.981241175153638, -0.0194900108855874, -0.643839378547942,
-0.358100694975192, 0.31640977096336, -0.957843139010719, -0.804330980951183, -0.153884337858322, 0.855267563626641, -0.904968500988228,
-0.640700246719746, 0.238962523895678, -0.953353825951195, 0.131409478048429, -0.941225087710357, 0.997967322275596, -0.634136545721322,
0.227120830459703, -0.504055403801037, -0.369965312917259, -0.651123548856296, 0.593275023168722, 0.372017689046227, 0.833539181241938,
0.117948656968579, 0.650452490867541, -0.85984850579266, 0.464829563151739, -0.58470070747857, -0.924234094789313, -0.264640580284917,
0.268390679304301, -0.352310759154486, -0.702665487504207, 0.0692947776798862, 0.607975666544357, 0.591490667717623, 0.706532853078947,
0.580674179800777, -0.323031051913588, 0.970670183877291, -0.532112258375461, -0.370189913472316, -0.451827041272598, -0.107110446883132,
-0.567107804478738, 0.132826790876269, -0.649948718908983, -0.0643018295662279, -0.980242709769343, 0.629273138063722, 0.352485124167856,
-0.4361801880931, -0.684291471191247, -0.566546688192997, 0.454888035133654, -0.149527253983237, -0.480669646215434, -0.315892711825098,
0.584531945302033, 0.304761537448267, 0.92844325389998, -0.486769332486281, -0.346855095508293, -0.785621176270499, 0.613167346796203,
0.857822299829087, 0.747619789231244, 0.540744625266659, -0.190828355220723, -0.898990318790622, -0.91271060262486, -0.740754267994718,
-0.500688673490298, 0.0790908712902176, 0.822681422694867, -0.513850799850732, 0.295306412222027, 0.175554185685543, 0.540042130483139,
0.174789571683809, -0.286894670069656, 0.164413846162889, 0.469129108984537, -0.454221599299022, -0.436775327456499, -0.841489591807176,
0.674748542731802, 0.111819708541266, -0.030407042528971, -0.0471409382550608, -0.439858159901482, -0.004186685364719, -0.92885406589203,
0.892703213157354, -0.197834291036124, -0.231979829236057, 0.54078747448871, -0.884682666548858, -0.997592246063488, -0.261920951551386,
-0.656582403213757, 0.0407268849678859, -0.803253584112883, -0.0317740769742851, -0.0759776805220547, 0.76240530683047, 0.359245885580381,
0.689963970955881, 0.796575281073094, -0.282917862912145, -0.888262087661093, -0.525398343421639, -0.599249802313504, -0.113435950947689,
-0.31540417630447, -0.200144366925776, 0.747329171872842, 0.546006301863371, -0.706928925959341, 0.805721604866934, -0.126799101431259,
-0.631870615454797, 0.558295086963744, -0.235871198719797, -0.86746509494353, -0.640902358627693, 0.00213375882408728, 0.842965699962829,
0.0122879664677964, -0.0747755563029544, 0.611602481732989, -0.208151501557338, -0.173887083751284, -0.00481779427003592, -0.364999717748713,
0.256291843038564, 0.34186420654893, -0.93597221676894, 0.203495089663462, -0.536811044516857, 0.269586434208059, -0.727782317711636,
0.40140431864223, -0.939075804669652, 0.47589185225158, 0.312082455884242, 0.740714323567893, 0.548716157297413, 0.500519373940614,
0.014231105904968, -0.783718867879278, -0.263826459967101, 0.379392459349591, 0.974762239414059, -0.551339867252497, -0.61106948859616,
0.859065922852452, -0.795373160579285, 0.587670096447518, -0.630944964597592, 0.89097773219649, 0.163461680550922, 0.57737610752431,
-0.646572913790713, 0.57496776964852, -0.751314019138462, 0.733284969377568, -0.600482830610836, 0.878311914175202, -0.807758902882815,
-0.513511423096984, -0.256196119837866, -0.494710873134963, -0.679153556193787, -0.627479813975871)
y <- 
c(1, 1, 1, 1, 1, 0, 1, 1, 1, 0, 1, 1, 1, 1, 0, 1, 1, 1, 1, 0, 0, 1, 0, 1, 1, 1, 1, 1, 1, 1, 0, 1, 1, 1, 0, 1, 1, 1, 1, 1, 0, 0, 0, 0, 1, 1, 1,
1, 1, 1, 1, 1, 1, 1, 1, 1, 1, 1, 1, 1, 1, 1, 1, 0, 1, 1, 1, 1, 1, 1, 1, 1, 1, 0, 1, 1, 1, 1, 1, 1, 1, 1, 1, 1, 1, 1, 1, 1, 1, 0, 0, 0, 1, 1, 1, 1,
1, 1, 0, 1, 1, 1, 0, 1, 1, 0, 1, 0, 1, 1, 0, 1, 0, 1, 1, 1, 1, 1, 0, 1, 1, 0, 1, 0, 1, 1, 1, 1, 1, 1, 1, 1, 1, 1, 1, 1, 1, 1, 1, 1, 1, 1, 1, 1, 1,
0, 1, 1, 1, 1, 1, 0, 1, 1, 1, 1, 1, 1, 1, 1, 0, 1, 1, 1, 1, 1, 1, 1, 1, 0, 1, 1, 1, 1, 1, 1, 1, 1, 1, 1, 1, 0, 0, 0, 1, 1, 1, 1, 1, 1, 1, 0, 1, 0,
0, 1, 1, 1, 1, 1, 1, 1, 1, 1, 0, 1, 1, 1, 1, 1, 1, 1, 1, 1, 1, 1, 1, 1, 1, 1, 0, 1, 1, 1, 0, 1, 1, 0, 1, 1, 1, 1, 1, 0, 1, 1, 1, 1, 1, 1, 1, 1, 1,
1, 1, 1, 1, 1, 1, 1)
