N <- 500
M <- 3
X <- 
structure(c(-0.318816202421763, 0.101643770926634, -0.0324056810466571, -0.139291433607723, 0.0194021034764948, -0.00270254680824635,
-0.601141613767566, 0.361371239803073, -0.217235290264405, 0.3805535243487, 0.144820984894217, 0.0551121362011439, -0.449370296041409,
0.201933662964344, -0.0907429899070133, 0.447673165472174, 0.200411263083877, 0.0897187445410357, -0.893363985619183, 0.798099210801392,
-0.712993091881056, 0.497195731270515, 0.247203595193622, 0.122908572284993, 0.377242697609063, 0.142312052899363, 0.0536861827380395,
0.057561539556036, 0.0033133308360611, 0.000190720423982165, 0.202748233189968, 0.0411068460616538, 0.00833434041101232, -0.326470544597351,
0.106583016489691, -0.034796215438218, -0.484386571523382, 0.234630350672176, -0.113651791137424, 0.986472747678243, 0.973128481911862,
0.959964727395551, -0.0684957829726103, 0.00469167228503093, -0.000321359766614089, 0.166890927754631, 0.0278525817668015, 0.00464834321142322,
0.0931328572376751, 0.00867372909725316, 0.000807809173732747, 0.973531016019949, 0.947762639152835, 0.922676325040208, 0.994931124879083,
0.989887943253158, 0.984870324885106, -0.313538503350835, 0.0983063930834816, -0.0308228393572137, -0.159718148287274, 0.0255098868923157,
-0.00407439189745848, -0.890731085372564, 0.793401866448986, -0.706707705638723, -0.186576100087513, 0.0348106411238655, -0.00649483366243681,
0.254655875219221, 0.0648496147836674, 0.0165143354103642, 0.995024438748183, 0.990073633706138, 0.985147461697824, -0.673622372528316,
0.453767100770678, -0.30566767099644, -0.399901705976365, 0.159921374442807, -0.0639528304617634, 0.547045144739506, 0.299258390383067,
0.163707849481616, 0.395616884354061, 0.156512719186014, 0.0619190743261529, -0.677828407982943, 0.459451350668691, -0.311429177569372,
-0.081795871739483, 0.00669056463362195, -0.000547260566636462, -0.256196532413783, 0.0656366632208468, -0.0168158855163922, 0.498335712988335,
0.248338482839592, 0.12375593490831, 0.845986841597999, 0.715693736156957, 0.605467483402896, -0.356097425624905, 0.126805376536684,
-0.04515506814011, -0.77924204385598, 0.607218162912845, -0.473169922334679, 0.449511599102056, 0.202060677727288, 0.0908286183608384,
0.0547280417320373, 0.00299515855182361, 0.000163919162218271, 0.364423081902966, 0.132804182623656, 0.0483969095213171, -0.132911983612194,
0.0176655953877281, -0.00234796932467337, 0.853154172828076, 0.727872042613958, 0.620987070440993, -0.171422434385088, 0.0293856510105098,
-0.00503735983221221, 0.381750297188072, 0.145733289403181, 0.0556337265398598, -0.242410364955334, 0.0587627850377781, -0.0142447081667996,
0.218272839100782, 0.0476430322891159, 0.0103991799211155, -0.125320350182033, 0.0157051901697474, -0.00196817993174818, -0.606921818198299,
0.368354093405129, -0.223562136110227, -0.850707688909425, 0.723703571969615, -0.615660193165767, -0.496376130119128, 0.246389262552041,
-0.122301748648488, -0.578084559047256, 0.33418175740886, -0.193185313873338, 0.154405934400349, 0.0238411925780449, 0.00368122161723169,
-0.82849350071067, 0.686401480719822, -0.568679165654553, -0.52189058013381, 0.272369777632404, -0.142147221259492, -0.106700191822004,
0.0113849309348524, -0.00121477431462902, -0.804330980951183, 0.646948326917892, -0.520360582414594, 0.335217352411101, 0.112370673357508,
0.0376685996115565, -0.52019886427424, 0.270606858392209, -0.140769380400447, -0.13400093537014, 0.0179562506800724, -0.00240615438687042,
0.819238249424141, 0.671151309319532, 0.549832823745654, -0.369965312917259, 0.136874332761965, -0.0506387553506216, -0.389843658323658,
0.151978077935173, -0.0592476898872458, 0.304742437884141, 0.0928679534475698, 0.0283008065349234, -0.984152201859788, 0.968555556425468,
-0.953206083479657, -0.36187681049174, 0.130954825971674, -0.0473895147411304, -0.352310759154486, 0.12412287101601, -0.043729822916085,
0.607975666544357, 0.369634411110055, 0.224728727472367, 0.580674179800777, 0.337182503087305, 0.195793173423393, 0.970670183877291,
0.942200605868374, 0.91456603534755, -0.902562441127547, 0.814618960134117, -0.735244477247432, -0.567107804478738, 0.321611261900695,
-0.182388256632139, -0.0643018295662279, 0.00413472528556422, -0.000265870400615523, 0.629273138063722, 0.395984682288564, 0.249182523648891,
-0.160564565010626, 0.0257809795370516, -0.00413951176491454, 0.0277936218261028, 0.000772485414212417, 2.14701674688003e-05, -0.346855095508293,
0.120308457280067, -0.0417296014403332, 0.581935014597332, 0.338648361214397, 0.197071339026662, 0.590002316394914, 0.348102733351364,
0.205381419020705, 0.114955713919453, 0.0132148161627311, 0.00151911862630108, -0.454221599299022, 0.206317261269761, -0.093713756376945,
-0.841489591807176, 0.708104733119807, -0.595862762829716, 0.111819708541266, 0.0125036472182537, 0.00139815418764795, -0.92885406589203,
0.862769875724156, -0.801387306995544, -0.231979829236057, 0.0538146411723903, -0.0124839112695708, -0.997592246063488, 0.995190289405995,
-0.9927941160691, -0.601883825735193, 0.362264139681633, -0.218040926318249, -0.0967183207710159, 0.00935443357276513, -0.000904745106921859,
0.835678248604913, 0.698358135191375, 0.583602703315721, 0.602952325648582, 0.363551507005033, 0.219204226641731, -0.586493477429468,
0.343974599067309, -0.201738858754393, 0.239527053478792, 0.0573732093482319, 0.0137424357838039, -0.470321878068001, 0.221202668989411,
-0.104036454712754, -0.86746509494353, 0.752495690945387, -0.652763745990538, 0.842965699962829, 0.710591171313823, 0.599003984113964,
-0.0747755563029544, 0.0055913838204163, -0.000418098835674968, -0.208151501557338, 0.0433270476005743, -0.00901859001610579, -0.00481779427003592,
2.3211141628391e-05, -1.11826505138254e-07, 0.256291843038564, 0.0656855088081039, 0.0168346601133548, 0.203495089663462, 0.0414102515171403,
0.00842678284546698, 0.0418304156499989, 0.00174978367345167, 7.31941783580654e-05, 0.735034911526834, 0.54027632116326, 0.39712195792628,
0.573375335573349, 0.32875927544385, 0.188502459880469, 0.500519373940614, 0.250519643689904, 0.125389935219497, -0.783718867879278,
0.614215263869978, -0.481372091234351, 0.591427403903919, 0.349786374088529, 0.206873247148144, 0.940789269706177, 0.885084449994282,
0.832677953338414, -0.559766968777384, 0.313339059334221, -0.175396855443074, -0.252427121488718, 0.0637194516630802, -0.0160845177661509,
-0.10487899045441, 0.0109996026387362, -0.00115362722015031, 0.195607645820015, 0.0382623511032484, 0.00748440842284527, 0.641699234576027,
0.411777907655459, 0.264237568157826, -0.0446001467460825, 0.00198917308977209, -8.87174117071936e-05, -0.379126879668288, 0.143737190887012,
-0.054494632673278, -0.258645911814435, 0.0668977076983203, -0.0173028186059276, -0.435757400223583, 0.189884511849616, -0.0827435812263129,
-0.213306861158642, 0.0454998170173522, -0.00970542315126396, 0.209740312787549, 0.0439909988082189, 0.00922668584987253, -0.118401159617351,
0.0140188345987335, -0.00165984627297389, 0.626537935753475, 0.392549784938226, 0.245947331935667, -0.284246971106734, 0.0807963405833524,
-0.022966115087326, 0.307296369423851, 0.0944310586610801, 0.0290183214874006, 0.159849312038645, 0.0255518025592283, 0.00408443806043994,
-0.93481471687279, 0.873878554881954, -0.816914533863176, 0.885008541918702, 0.783240119269066, 0.693174195926546, 0.755377267004198,
0.570594815506731, 0.431014352304239, -0.241682135865401, 0.0584102547964623, -0.0141167151356513, -0.63762632703216, 0.406567332924523,
-0.259238035183925, -0.119741760332972, 0.0143380891676388, -0.00171686803674418, -0.171484833000086, 0.0294070479490674, -0.00504286270657135,
-0.165361836655586, 0.0273445370221087, -0.00452174286447257, 0.34333227273383, 0.117877049500577, 0.0404709953081912, -0.632243505852735,
0.399731850692958, -0.252727866683118, -0.0409737953561109, 0.00167885190588445, -6.87889344249264e-05, -0.204046843362985, 0.0416351142863987,
