N <- 500
M <- 5
X <- 
structure(c(-0.318816202421763, 0.101643770926634, -0.0324056810466571, 0.0103314561681861, -0.00329383562102799,
-0.587859696967497, 0.345579023318717, -0.203151979926464, 0.119424861357918, -0.0702050628082511, -0.238369634607708,
0.0568200827030124, -0.0135441823522968, 0.00322852179837717, -0.000769581561402187, -0.948919818553656,
0.900448822043904, -0.854453732830755, 0.810808081120255, -0.769391857218471, -0.35816546846285, 0.128282502799213,
-0.045946362710667, 0.0164564005244301, -0.00589411440304479, -0.415834172517871, 0.172918059033622, -0.0719052379916427,
0.0299006551399553, -0.0124337141878655, -0.0082571276976322, 6.81801578150049e-05, -5.62972269523212e-07,
4.64853391967898e-09, -3.83835381815641e-11, 0.3805535243487, 0.144820984894217, 0.0551121362011439, 0.0209731176657309,
0.00798139384427387, 0.348937053237383, 0.121757067121989, 0.042485552212373, 0.0148247833941484, 0.00517291623243665,
-0.347484994625537, 0.12074582148991, -0.0419573611314774, 0.0145795534072732, -0.00506617603736905, -0.390951049337997,
0.152842722978481, -0.059754022932114, 0.0233608979674767, -0.00913296757386291, 0.54897361584554, 0.301372030894527,
0.165445293514882, 0.0908251010054915, 0.0498605841085211, -0.0021843845899483, 4.77153603680359e-06,
-1.04228697891767e-08, 2.27675561505153e-11, -4.97330988059681e-14, 0.25306642603302, 0.0640426159851261,
0.016207035941161, 0.00410145666221833, 0.00103794097903691, 0.431879082294927, 0.186519541723908, 0.0805538885097916,
0.0347895394448966, 0.0150248743689251, 0.289474862113054, 0.0837956957953717, 0.0242567474860326, 0.00702171863383047,
0.00203261103332474, -0.893363985619183, 0.798099210801392, -0.712993091881056, 0.636962350281805, -0.569039223937115,
-0.146592554918937, 0.0214893771576616, -0.00315018270115827, 0.00046179333062423, -6.76954641807314e-05,
0.497195731270515, 0.247203595193622, 0.122908572284993, 0.0611096174766522, 0.0303834409489655, 0.295810958109676,
0.0875041229377646, 0.025884678444767, 0.00765697153110742, 0.0022650160848354, 0.665965184230826, 0.443509626607598,
0.295361970191874, 0.196700788893611, 0.130995877113882, 0.377242697609063, 0.142312052899363, 0.0536861827380395,
0.0202527204004311, 0.00764019087778075, -0.574358015039372, 0.329887129439967, -0.189473316852176, 0.108825518170142,
-0.0625048086018337, 0.057561539556036, 0.0033133308360611, 0.000190720423982165, 1.09781612291934e-05,
6.31919861846755e-07, 0.261645945022605, 0.068458600546772, 0.0179119152349852, 0.00468657998882249, 0.00122622465009949,
0.638960049930291, 0.408269945406921, 0.260868184702243, 0.16668434832257, 0.106504639526787, 0.202748233189968,
0.0411068460616538, 0.00833434041101232, 0.0016897727931365, 0.000342598448300904, 0.631402460066886, 0.398669066578516,
0.251720629390244, 0.158937024646585, 0.100353228357565, -0.281116186723109, 0.0790263104377421, -0.0222155750410547,
0.00624515774140238, -0.00175561492974734, -0.779908386558351, 0.60825709142405, -0.474384806785206, 0.369976689267645,
-0.288547922790929, 0.941272077592741, 0.885993124055755, 0.833960588612844, 0.784983815874077, 0.73888334724447,
-0.634891269076918, 0.403086923550099, -0.255916368441033, 0.162479067937084, -0.10315654164101, -0.875935944416789,
0.767263778721332, -0.672073922631064, 0.588693706137737, -0.515657977457979, 0.467297903349446, 0.218367330474788,
0.102042595690884, 0.0476842910186853, 0.0222827692157365, 0.437676357869137, 0.191560594237592, 0.083841543197157,
0.0366954612646595, 0.0160607358366442, 0.359448109247041, 0.129202943241273, 0.0464417536572281, 0.0166934005422075,
0.00600041126180001, -0.572714933777919, 0.328002395372246, -0.187851870144615, 0.107585571369931, -0.0616158633825899,
0.868510729024151, 0.754310886430062, 0.655127097884226, 0.568984913386905, 0.494169501929405, -0.0684957829726103,
0.00469167228503093, -0.000321359766614089, 2.20117888301273e-05, -1.50771471054733e-06, 0.821591435306176,
0.675012486568463, 0.554584477689374, 0.455641857023339, 0.374351447297377, 0.166890927754631, 0.0278525817668015,
0.00464834321142322, 0.000775766311076363, 0.000129468359376322, -0.581024298429531, 0.337589235365529,
-0.196147548635618, 0.113966491834682, -0.0662173009627211, 0.0931328572376751, 0.00867372909725316, 0.000807809173732747,
7.52335764525362e-05, 7.00671793523376e-06, 0.872145882344127, 0.760638440089817, 0.663387683476994, 0.57857083654227,
0.504598172734738, 0.540333816999899, 0.291960633793681, 0.157756203671449, 0.0852410116852077, 0.0460586012088013,
0.973531016019949, 0.947762639152835, 0.922676325040208, 0.898254020173947, 0.874478148903946, -0.817039856810788,
0.667554127617392, -0.545418328841964, 0.445628513299018, -0.364096256696633, 0.134008446487005, 0.0179582637298605,
0.00240655902404253, 0.000322499236191223, 4.32176216352315e-05, 0.994931124879083, 0.989887943253158, 0.984870324885106,
0.979878140197967, 0.974911260271587, -0.0347532746329818, 0.00120779009771546, -4.19746609649013e-05,
1.45875692013952e-06, -5.06965798683714e-08, -0.313538503350835, 0.0983063930834816, -0.0308228393572137,
0.00966414692108399, -0.00303008216179926, -0.891040592747503, 0.793953337923822, -0.707444652837501, 0.630361902800379,
-0.561678043516694, -0.159718148287274, 0.0255098868923157, -0.00407439189745848, 0.000650754329258742,
-0.000103937276459133, -0.381781018727071, 0.14575674626028, -0.0556471590735931, 0.0212450290803838,
-0.00811094884519517, 0.806886642888305, 0.65106605447156, 0.525336502991092, 0.423887007285164, 0.342028764272297,
-0.688231374690262, 0.473662425108047, -0.325989341971235, 0.224356092959237, -0.154408902277472, -0.0439448290407916,
0.0019311479994244, -8.48639686871717e-05, 3.72933259568085e-06, -1.63884883353446e-07, -0.186576100087513,
0.0348106411238655, -0.00649483366243681, 0.00121178073545456, -0.000226089323782289, -0.133324975830479,
0.0177755491801977, -0.00236992466482334, 0.000315970148657627, -4.21267124329308e-05, 0.254655875219221,
0.0648496147836674, 0.0165143354103642, 0.00420547253759006, 0.00107094828977039, 0.548909019309178, 0.301301111478963,
0.165386897618683, 0.0907823597784588, 0.0498312560765668, 0.703167295303376, 0.494444245184265, 0.347677022564539,
0.244475111595838, 0.171906902989836, 0.753404939916369, 0.567619003490388, 0.427646961220065, 0.322191333123421,
0.242740541973425, 0.995024438748183, 0.990073633706138, 0.985147461697824, 0.980245800160075, 0.975368527139543,
-0.139783307919914, 0.0195393731730335, -0.00273127821680825, 0.000381787103995062, -5.3367464317594e-05,
-0.870659035107436, 0.758047155414212, -0.660000604898874, 0.574635489831578, -0.500311581115251, -0.0755406210648331,
0.0057063854308607, -0.000431063899482532, 3.25628346855393e-05, -2.45981675577712e-06, -0.673622372528316,
0.453767100770678, -0.30566767099644, 0.205904581741827, -0.13870193286738, -0.80183344658356, 0.642936876060071,
-0.515528291266914, 0.413367826597883, -0.331452149107736, 0.274891929533661, 0.0755655729227395, 0.0207723661470484,
0.00571015581114185, 0.00156967574886263, -0.399901705976365, 0.159921374442807, -0.0639528304617634, 0.0255748460036764,
-0.010227424546953, -0.116431336856026, 0.0135562562020813, -0.00157837303237112, 0.000183772082216468,
-2.13968292092789e-05, 0.547045144739506, 0.299258390383067, 0.163707849481616, 0.0895555842146641, 0.048990947528942,
-0.147996064614347, 0.021902835141334, -0.00324153340481425, 0.000479734187228454, -7.09987717707736e-05,
0.395616884354061, 0.156512719186014, 0.0619190743261529, 0.0244962312670001, 0.00969112269226712, 0.90776328745654,
0.824034186053904, 0.748027981708866, 0.679032339785521, 0.616400629053011, 0.307206914955654, 0.0943760885965707,
0.028992987023334, 0.00890684609878776, 0.00273624471199339, 0.164302124702364, 0.0269951881817111, 0.00443536677499527,
0.000728740184965993, 0.000119733560745906, -0.531129383331689, 0.282098421838301, -0.149830760829819, 0.0795795196036599,
