N <- 25
M <- 3
X <- 
structure(c(-0.318816202421763, 0.101643770926634, -0.0324056810466571, -0.139291433607723, 0.0194021034764948,
-0.00270254680824635, -0.415834172517871, 0.172918059033622, -0.0719052379916427, -0.449370296041409, 0.201933662964344,
-0.0907429899070133, 0.289474862113054, 0.0837956957953717, 0.0242567474860326, -0.146592554918937, 0.0214893771576616,
-0.00315018270115827, -0.415278459765924, 0.172456199145558, -0.0716173447582528, -0.326470544597351, 0.106583016489691,
-0.034796215438218, -0.482306186798183, 0.232619257823804, -0.112193707216822, -0.833699116342759, 0.695054216590697,
-0.579466086181972, 0.821591435306176, 0.675012486568463, 0.554584477689374, 0.0931328572376751, 0.00867372909725316,
0.000807809173732747, 0.782258950767233, 0.611929066055452, 0.478686989156511, 0.604970954371384, 0.365989855633024,
0.221413232252555, -0.370931282592979, 0.137590016406073, -0.0510364412574936, 0.0126443026063079, 0.000159878388399884,
2.02155072313696e-06, -0.899601864333153, 0.809283514311684, -0.728032958248877, 0.548909019309178, 0.301301111478963,
0.165386897618683, 0.401136692845149, 0.160910646346743, 0.0645471645191079, -0.673622372528316, 0.453767100770678,
-0.30566767099644, -0.963342181801529, 0.928028159238131, -0.894008671693718, -0.0466491859461321, 0.00217614654943681,
-0.000101515465030711, -0.451853967671954, 0.204172008100887, -0.0922559319479361, 0.0184978607999235,
0.000342170854173348, 6.32942883028954e-06, 0.340609202763248, 0.116014629007015, 0.0395156502949535),
.Dim = c(3, 25))
y <- 
c(6.90525078644852, 9.56048419378466, 5.85557630303056, 7.42184593286284, 11.3577036786308, 10.3181360130177,
6.86639798525354, 9.89556408762789, 6.10356004822749, 4.33099460982416, 14.5898529841293, 10.9994782679182,
12.1329912107665, 12.1607523813679, 6.49709320069557, 9.41025872282458, 0.74065948630884, 10.2518844192836,
10.7731186062807, 6.88369935543911, -0.232008042994814, 10.6524036988759, 4.77279530674883, 10.524865776754,
12.2571817220677)
